#Information required

#Energy levels (keV) - LINE 19
0,344.2798,615.553,755.3964,930.562,1047.51,1109.076,1123.184,1282.267,1314.71,1318.5,1434.025,1550.19,1605.255,1643.395,1692.447

# Measured Peaks - LINES 20-16
0.00000000e+00,0.00000000e+00,0.00000000e+00,0.00000000e+00,0.00000000e+00,0.00000000e+00,0.00000000e+00,0.00000000e+00,0.00000000e+00,0.00000000e+00,0.00000000e+00,0.00000000e+00, 0.00000000e+00,0.00000000e+00,0.00000000e+00,0.00000000e+00
1.80198526e+04,0.00000000e+00,0.00000000e+00,0.00000000e+00,0.00000000e+00,0.00000000e+00,0.00000000e+00,0.00000000e+00,0.00000000e+00,0.00000000e+00,0.00000000e+00,0.00000000e+00, 0.00000000e+00,0.00000000e+00,0.00000000e+00,0.00000000e+00
1.43699539e+01,3.32525550e+01,0.00000000e+00,0.00000000e+00,0.00000000e+00,0.00000000e+00,0.00000000e+00,0.00000000e+00,0.00000000e+00,0.00000000e+00,0.00000000e+00,0.00000000e+00, 0.00000000e+00,0.00000000e+00,0.00000000e+00,0.00000000e+00
3.67766557e+02,8.51024141e+02,0.00000000e+00,0.00000000e+00,0.00000000e+00,0.00000000e+00,0.00000000e+00,0.00000000e+00,0.00000000e+00,0.00000000e+00,0.00000000e+00,0.00000000e+00, 0.00000000e+00,0.00000000e+00,0.00000000e+00,0.00000000e+00
9.51843658e+01,1.53707532e+02,1.45302399e+01,0.00000000e+00,0.00000000e+00,0.00000000e+00,0.00000000e+00,0.00000000e+00,0.00000000e+00,0.00000000e+00,0.00000000e+00,0.00000000e+00, 0.00000000e+00,0.00000000e+00,0.00000000e+00,0.00000000e+00
3.89744962e-01,9.01882909e-01,0.00000000e+00,0.00000000e+00,0.00000000e+00,0.00000000e+00,0.00000000e+00,0.00000000e+00,0.00000000e+00,0.00000000e+00,0.00000000e+00,0.00000000e+00, 0.00000000e+00,0.00000000e+00,0.00000000e+00,0.00000000e+00
8.97536215e+01,5.24591234e+01,1.95027955e+00,0.00000000e+00,0.00000000e+00,0.00000000e+00,0.00000000e+00,0.00000000e+00,0.00000000e+00,0.00000000e+00,0.00000000e+00,0.00000000e+00, 0.00000000e+00,0.00000000e+00,0.00000000e+00,0.00000000e+00
1.83872821e+03,4.25449067e+03,7.62561592e-02,2.74562622e+02,3.25370201e+00,0.00000000e+00,0.00000000e+00,0.00000000e+00,0.00000000e+00,0.00000000e+00,0.00000000e+00,0.00000000e+00, 0.00000000e+00,0.00000000e+00,0.00000000e+00,0.00000000e+00 
1.72646489e+00,3.24120643e+00,1.48146716e-01,4.39389750e+00,6.32113224e+00,0.00000000e+00,0.00000000e+00,0.00000000e+00,0.00000000e+00,0.00000000e+00,0.00000000e+00,0.00000000e+00, 0.00000000e+00,0.00000000e+00,0.00000000e+00,0.00000000e+00
1.86419220e+00,0.00000000e+00,0.00000000e+00,0.00000000e+00,0.00000000e+00,0.00000000e+00,0.00000000e+00,0.00000000e+00,0.00000000e+00,0.00000000e+00,0.00000000e+00,0.00000000e+00, 0.00000000e+00,0.00000000e+00,0.00000000e+00,0.00000000e+00
2.59362808e+00,5.85919660e+00,9.72522832e-01,0.00000000e+00,1.19519952e+00,0.00000000e+00,0.00000000e+00,0.00000000e+00,0.00000000e+00,0.00000000e+00,0.00000000e+00,0.00000000e+00, 0.00000000e+00,0.00000000e+00,0.00000000e+00,0.00000000e+00
2.24789149e+02,5.05753364e+02,1.04455154e+00,9.90535017e+01,3.93925707e+01,0.00000000e+00,3.35513737e+01,0.00000000e+00,0.00000000e+00,0.00000000e+00,0.00000000e+00,0.00000000e+00, 0.00000000e+00,0.00000000e+00,0.00000000e+00,0.00000000e+00
3.09332278e+00,5.74245227e+00,1.76719858e-02,5.03409483e+00,0.00000000e+00,0.00000000e+00,4.88730748e+00,0.00000000e+00,0.00000000e+00,0.00000000e+00,0.00000000e+00,0.00000000e+00, 0.00000000e+00,0.00000000e+00,0.00000000e+00,0.00000000e+00
8.37923293e+00,1.21305776e+01,5.32808042e+00,5.64330919e-03,3.71912250e+00,1.04912247e+00,1.40969713e+00,3.43469444e-01,0.00000000e+00,0.00000000e+00,0.00000000e+00,0.00000000e+00, 0.00000000e+00,0.00000000e+00,0.00000000e+00,0.00000000e+00
1.72821194e+02,3.92898986e+02,4.99479194e-01,2.85786662e-01,1.94985860e+01,0.00000000e+00,1.17525444e+01,1.25517630e+01,0.00000000e+00,0.00000000e+00,0.00000000e+00,1.85991135e+00, 0.00000000e+00,0.00000000e+00,0.00000000e+00,0.00000000e+00
1.82041307e+00,4.21249687e+00,0.00000000e+00,4.65667517e-01,0.00000000e+00,0.00000000e+00,0.00000000e+00,0.00000000e+00,0.00000000e+00,0.00000000e+00,0.00000000e+00,0.00000000e+00, 0.00000000e+00,0.00000000e+00,0.00000000e+00,0.00000000e+00

#Conversion Coefficients - LINES 2-17
0,0,0,0,0,0,0,0,0,0,0,0,0,0,0,0
0,0,0,0,0,0,0,0,0,0,0,0,0,0,0,0
0,0,0,0,0,0,0,0,0,0,0,0,0,0,0,0
0,0,0,0,0,0,0,0,0,0,0,0,0,0,0,0
0,0,0,0,0,0,0,0,0,0,0,0,0,0,0,0
0,0,0,0,0,0,0,0,0,0,0,0,0,0,0,0
0,0,0,0,0,0,0,0,0,0,0,0,0,0,0,0
0,0,0,0,0,0,0,0,0,0,0,0,0,0,0,0
0,0,0,0,0,0,0,0,0,0,0,0,0,0,0,0
0,0,0,0,0,0,0,0,0,0,0,0,0,0,0,0
0,0,0,0,0,0,0,0,0,0,0,0,0,0,0,0
0,0,0,0,0,0,0,0,0,0,0,0,0,0,0,0
0,0,0,0,0,0,0,0,0,0,0,0,0,0,0,0
0,0,0,0,0,0,0,0,0,0,0,0,0,0,0,0
0,0,0,0,0,0,0,0,0,0,0,0,0,0,0,0
0,0,0,0,0,0,0,0,0,0,0,0,0,0,0,0
